[Default.png]
text=2;140;11;Loading... ;Lucida Grande;0.219361,0.399693,0.072204,6.283185;v1,4279858539,4278190080,128.000000,1.000000,0.000000,1.000000,400,0,49152;;145;16;@nalwayaabhishek;Lucida Grande;0.248561,0.625257,0.033333,0.000000;v1,4279858539,4278190080,128.000000,1.000000,0.000000,1.000000,400,0,49152;;
backuphash=7482
textactive=1
filters=Holga=1,70.000000,30.000000,0.000000;
